SM:2021-06-25T10:30:05.7611109Z
LM:2021-06-26T13:29:49.1502836Z
CT:image/jpeg
MA:604800
CL:13408
