SM:2021-06-25T10:30:00.1291604Z
LM:2021-06-25T10:30:09.1154222Z
CT:image/jpeg
MA:604800
CL:33606
