SM:2021-06-25T10:30:08.3599860Z
LM:2021-06-25T10:30:09.3412545Z
CT:image/jpeg
MA:604800
CL:15291
