SM:2021-06-25T10:30:03.8565830Z
LM:2021-06-25T10:30:09.1141357Z
CT:image/jpeg
MA:604800
CL:14696
