SM:2021-06-25T10:30:05.7611109Z
LM:2021-06-25T10:30:09.1168874Z
CT:image/jpeg
MA:604800
CL:25875
