SM:2021-06-25T10:29:59.2530884Z
LM:2021-06-25T10:30:09.1166433Z
CT:image/jpeg
MA:604800
CL:27195
