SM:2021-06-25T10:30:01.8575380Z
LM:2021-06-25T10:30:09.3629922Z
CT:image/png
MA:604800
CL:17603
