SM:2021-06-25T10:30:04.6675662Z
LM:2021-06-25T10:30:09.1140999Z
CT:image/jpeg
MA:604800
CL:10694
