SM:2021-06-25T10:30:06.5174816Z
LM:2021-06-25T10:30:09.1146634Z
CT:image/jpeg
MA:604800
CL:21292
