SM:2021-06-25T10:30:07.1319748Z
LM:2021-06-25T10:30:09.1148247Z
CT:image/jpeg
MA:604800
CL:26853
