SM:2021-06-25T10:29:59.2530884Z
LM:2021-06-26T13:23:10.4922440Z
CT:image/jpeg
MA:604800
CL:11748
