SM:2021-06-25T10:29:59.2530884Z
LM:2021-06-26T13:29:49.1502793Z
CT:image/jpeg
MA:604800
CL:14858
