SM:2021-06-25T10:30:07.7355895Z
LM:2021-06-25T10:30:09.3348966Z
CT:image/jpeg
MA:604800
CL:16138
