SM:2021-06-25T10:29:59.2530884Z
LM:2021-06-26T13:28:50.8576541Z
CT:image/jpeg
MA:604800
CL:20793
