SM:2021-06-25T10:30:05.7611109Z
LM:2021-06-26T13:28:50.8576497Z
CT:image/jpeg
MA:604800
CL:18455
