SM:2021-06-25T10:30:01.2688975Z
LM:2021-06-25T10:30:09.1154910Z
CT:image/jpeg
MA:604800
CL:28516
