SM:2021-06-25T10:30:03.0945406Z
LM:2021-06-25T10:30:09.1141147Z
CT:image/jpeg
MA:604800
CL:13909
