SM:2021-06-25T10:30:00.6795851Z
LM:2021-06-25T10:30:09.1141217Z
CT:image/jpeg
MA:604800
CL:15265
