SM:2021-06-25T10:30:02.4904294Z
LM:2021-06-25T10:30:09.1148246Z
CT:image/jpeg
MA:604800
CL:20305
